0,1,2,3,5,6,7,8,9,10,11,12,13,15,16,19,20,21,24,25,26,27,28,29,30,31,32,33,34,35,36,37,38,39,40,42,43,53,87,113,213,229,285,305,306,354,358,432

4,17,18,49,57,94,101,114,115,118,144,146,147,148,151,152,153,154,155,156,157,158,159,160,161,162,163,164,167,173,180,181,184,220,230,269,273,277,295,312,324,325,326,334,340,364,411,416,472

14,23,287,288,289,290,291,292,296,297,298,299,300,302,303,304,308,311,314,315,316,318,319,321,322,323,327,328,329,330,332,333,335,336,337,338,339,341,342,345,346,347,348,349,352,353,356,357,360,361,363,365,367,368,369,371,374,376,380,382,388,389,390,391,392,393,394,395,396,397,398,399,401,404,407,414,415,418,420,421,422,423,424,425,426,427,429,433,437,438,439,441,443,447,448,453,458,459,460,461,463,464,471,474,475,476

22,46,55,66,116,126,128,129,131,132,133,182,188,191,192,193,195,211,214,215,216,217,222,223,226,228,231,233,234,235,236,237,243,244,249,255,313,351,362,370,378,403,405,440,442,444,446,449,450,452,454,455,457

41,44,50,73,80,130,134,137,149,170,176,177,185,208,218,224,254,293,301,307,317,320,343,350,355,373,375,379,381,383,384,385,386,387,402,406,409,410,412,413,419,428,430,431,434,436,445,451,456

45,48,51,52,54,58,59,60,61,62,63,65,67,68,69,70,71,72,74,76,78,79,81,82,83,84,85,86,90,91,92,95,98,99,100,104,105,106,107,109,110,111,112,119,121,123,125,143,145,238,331,344

47,56,64,75,77,88,89,96,97,102,103,108,117,120,122,124,127,135,140,141,142,150,165,166,168,169,171,172,174,175,212,309,310,359,366,372,377,417,435,465,466,467,468,470,473,477,478,479,480,481,482,483,484,485,486,487,488,489,490,491,492,493,494,495,496,497,498,499,500,501,502,503,504,505,506,507,508,509,510,511,512,513,514,515,516,517,518,519,520,521,522,523,524,525,526,527,528,529,530,531,532,533,534,535,536,537,538,539,540,541,542,543,544,545,546,547,548,549,550,551,552,553,554,555,556,557,558,559,560,561,562,563,564,565,566,567,568,569,570,571,572,573,574,575,576,577,578,579,580,581,582,583,584,585,586,587,588

93,136,138,139,178,179,183,186,187,189,190,194,196,197,198,199,200,201,202,203,204,205,206,207,209,210,219,221,225,227,232,239,240,241,242,245,246,247,248,250,251,252,253,256,257,258,259,260,261,262,263,264,265,266,267,268,270,271,272,274,275,276,278,279,280,281,282,283,284,286,294,400,408,462,469

